action,runtime,timestamp,run_env,run_ram,n_row
Write: Development Sample,91.61000000000001,2020-02-26T17:11:01Z,local,5G,30000
